# Camera matrix about texture outputs
image_size: [1680, 1200]

intrinsics: [[1767.215314, 0.000000, 881.836748],
  [0.000000, 1763.985905, 619.233396],
  [0.000000, 0.000000, 1.000000]]
distortion: [-0.080272, 0.060102, 0.003017, -0.000519]

# intrinsics: [[2716.045298932062, 0.000000, 1955.934227666802],
#   [0.000000, 2715.635685437700, 1054.108721437693],
#   [0.000000, 0.000000, 1.000000]]
# distortion: [0.045432940069262, -0.077749725743454, 0.000000, 0.000000]
