image_size: [2048, 2048]

intrinsics: [[1058.2139892578125, 0, 972.6757202148438], 
  [0, 1058.2139892578125, 537.0096435546875], 
  [0, 0, 1]]
distortion: [1.0, 0.0, 0.0, 0.0]
baseline: 150.0
