image_size: [1920, 1080]

intrinsics: [[1058.2139892578125, 0, 972.6757202148438], 
  [0, 1058.2139892578125, 537.0096435546875], 
  [0, 0, 1]]
distortion: [0.0, 0.0, 0.0, 0.0]
baseline: 120.0

# src: photoneo, dst: zed
extrinsics_photoneo: [[-0.999730527401, -0.021307600662, 0.002041121246, -0.185389667749],
  [0.021302778274, -0.999719858170, 0.005440191831, -0.110805980861],
  [0.001919746166, 0.005482181441, 0.999905109406, -0.260612547398],
  [0.0, 0.0, 0.0, 1.0]]

# src: zivid, dst: zed
extrinsics_zivid: [[0.995788991451, 0.035616915673, 0.083303183317, -0.246457099915],
  [-0.040041834116, 0.997509300709, 0.054088715464, -0.249182194471],
  [-0.081281222403, -0.057247538120, 0.994756639004, -0.263392806053],
  [0.0, 0.0, 0.0, 1.0]]
