intrinsics: [[1783.20227050781, 0.000000, 1000.25299072266],
  [0.000000, 1783.10192871094, 606.057556152344],
  [0.000000, 0.000000, 1.000000]]
distortion: [-0.0886669009923935, 0.120101988315582, -0.0447236225008965, 0.00033258440089412, 0.000258898129686713]
baseline: 70.0

